"bin","interval_name","rank","max_ma","mid_ma","min_ma","duration_myr","abbr","colour","font"
1,"Danian","stage",66,63.8,61.6,4.4,"D","#FDB462","black"
2,"Selandian","stage",61.6,60.4,59.2,2.4,"Sel","#FEBF65","black"
3,"Thanetian","stage",59.2,57.6,56,3.2,"Th","#FDBF6F","black"
4,"Ypresian","stage",56,51.9,47.8,8.2,"Y","#FCA773","black"
5,"Lutetian","stage",47.8,44.5,41.2,6.6,"Lu","#FDB482","black"
6,"Bartonian","stage",41.2,39.455,37.71,3.49,"Ba","#FDC091","black"
7,"Priabonian","stage",37.71,35.805,33.9,3.81,"Pr","#FDCDA1","black"
8,"Rupelian","stage",33.9,30.86,27.82,6.08,"R","#FED99A","black"
9,"Chattian","stage",27.82,25.425,23.03,4.79,"Cha","#FEE6AA","black"
10,"Aquitanian","stage",23.03,21.735,20.44,2.59,"A","#FFFF33","black"
11,"Burdigalian","stage",20.44,18.205,15.97,4.47,"Bu","#FFFF41","black"
12,"Langhian","stage",15.97,14.895,13.82,2.15,"La","#FFFF4D","black"
13,"Serravallian","stage",13.82,12.725,11.63,2.19,"Ser","#FFFF59","black"
14,"Tortonian","stage",11.63,9.438,7.246,4.384,"To","#FFFF66","black"
15,"Messinian","stage",7.246,6.2895,5.333,1.913,"Mes","#FFFF73","black"
16,"Zanclean","stage",5.333,4.4665,3.6,1.733,"Z","#FFFFB3","black"
